    3   1   5   1   2   0
        2       3       2        3       0.0253185
        2       3       2        5       -0.11176
        2       3       2        1       0.0137025
        2       5       2        3       0.108855
        2       5       2        5       -0.0466202
        2       1       2        3       0.129992
        2       1       2        1       0.195745
       -1
    3   1   5   1   2   2
        2       3       2        3       -0.0678087
        2       3       2        5       0.120642
        2       3       2        1       -0.0700319
        2       5       2        3       -0.119099
        2       5       2        5       -0.103455
        2       1       2        3       -0.0505047
        2       1       2        1       -0.130492
       -1
    3   1   5   1   4   0
        2       3       2        3       0.141452
        2       3       2        5       -0.36546
        2       3       2        1       -0.0678692
        2       5       2        3       0.191977
        2       5       2        5       0.361247
        2       5       2        1       0.482479
        2       1       2        3       -0.0127956
        2       1       2        5       0.974134
       -1
    3   1   5   1   4   2
        2       3       2        3       0.0497851
        2       3       2        5       -0.0985791
        2       3       2        1       -0.0390446
        2       5       2        3       0.175051
        2       5       2        5       0.0860769
        2       5       2        1       0.0560715
        2       1       2        3       0.172538
        2       1       2        5       -0.151799
       -1
    3   1   5   1   6   0
        2       3       2        3       -0.0262933
        2       3       2        5       -0.17293
        2       5       2        3       0.239244
        2       5       2        5       0.0967105
        2       5       2        1       0.0249856
        2       1       2        5       -0.365036
       -1
    3   1   5   1   6   2
        2       3       2        3       0.0500567
        2       3       2        5       0.134939
        2       5       2        3       -0.236325
        2       5       2        5       -0.0444338
        2       5       2        1       -0.0356229
        2       1       2        5       0.402897
       -1
    3   1   5   1   8   0
        2       3       2        5       -0.127686
        2       5       2        3       -0.160328
        2       5       2        5       0.0918334
       -1
    3   1   5   1   8   2
        2       3       2        5       0.0779006
        2       5       2        3       0.167799
        2       5       2        5       -0.0667867
       -1
