    5   1   5   1   0   0
        0       1       0       1        6.92820323
        1       1       1       1        6.92820323
        1       3       1       3        9.79795897
        2       3       2        3       1.21246
        2       5       2        5       8.97137
        2       1       2        1       1.79901
       -1
    5   1   5   1   0   2
        2       3       2        3       0.172945
        2       5       2        5       0.667289
        2       1       2        1       0.33169
       -1
    5   1   5   1   2   0
        2       3       2        3       0.0787586
        2       3       2        5       -0.119578
        2       3       2        1       -0.00914986
        2       5       2        3       0.119578
        2       5       2        5       0.940666
        2       1       2        3       0.00914986
        2       1       2        1       0.10197
       -1
    5   1   5   1   2   2
        2       3       2        3       0.0439234
        2       3       2        5       0.136548
        2       3       2        1       0.0958553
        2       5       2        3       -0.136548
        2       5       2        5       -0.674458
        2       1       2        3       -0.0958553
        2       1       2        1       -0.200831
       -1
    5   1   5   1   4   0
        2       3       2        3       -0.176651
        2       3       2        5       0.450723
        2       3       2        1       0.210298
        2       5       2        3       -0.450723
        2       5       2        5       -0.709048
        2       5       2        1       -0.464921
        2       1       2        3       -0.210298
        2       1       2        5       -0.464921
       -1
    5   1   5   1   4   2
        2       3       2        3       0.00541509
        2       3       2        5       -0.00213216
        2       3       2        1       -0.0900731
        2       5       2        3       0.00213216
        2       5       2        5       0.592622
        2       5       2        1       -0.0842953
        2       1       2        3       0.0900731
        2       1       2        5       -0.0842953
       -1
    5   1   5   1   6   0
        2       3       2        3       -0.0165761
        2       3       2        5       -0.0350662
        2       5       2        3       0.0350662
        2       5       2        5       0.625875
        2       5       2        1       -0.145467
        2       1       2        5       -0.145467
       -1
    5   1   5   1   6   2
        2       3       2        3       0.0472477
        2       3       2        5       0.0271725
        2       5       2        3       -0.0271725
        2       5       2        5       -0.595344
        2       5       2        1       0.135157
        2       1       2        5       0.135157
       -1
    5   1   5   1   8   0
        2       3       2        5       0.0450696
        2       5       2        3       -0.0450696
        2       5       2        5       -0.57446
       -1
    5   1   5   1   8   2
        2       3       2        5       0.0912939
        2       5       2        3       -0.0912939
        2       5       2        5       0.585058
       -1
    5   1   5   1   10   0
        2       5       2        5       0.716036
       -1
    5   1   5   1   10   2
        2       5       2        5       -0.709364
       -1
