    1   1   5   1   4   0
        2       1       2        3       0.0158318
        2       1       2        5       0.667372
        2       3       2        1       0.00155159
        2       3       2        3       0.150264
        2       3       2        5       -0.37019
        2       5       2        1       -0.0236649
        2       5       2        3       0.334609
        2       5       2        5       0.41975
       -1
    1   1   5   1   4   2
        2       1       2        3       0.0188588
        2       1       2        5       -0.0174358
        2       3       2        1       -0.00344069
        2       3       2        3       0.0216726
        2       3       2        5       -0.00525288
        2       5       2        1       0.418144
        2       5       2        3       -0.0336854
        2       5       2        5       -0.0583561
       -1
    1   1   5   1   6   0
        2       1       2        5       0.389064
        2       3       2        3       -0.00448051
        2       3       2        5       0.0361043
        2       5       2        1       0.308228
        2       5       2        3       0.0237795
        2       5       2        5       -0.00939709
       -1
    1   1   5   1   6   2
        2       1       2        5       -0.276013
        2       3       2        3       0.0196145
        2       3       2        5       -0.116464
        2       5       2        1       -0.36102
        2       5       2        3       -0.0539944
        2       5       2        5       0.0480927
       -1
