    5   1   5   1   0   0
        0       1       0       1        6.92820323
        1       1       1       1        6.92820323
        1       3       1       3        9.79795897
        2       1       2        1       1.77352
        2       3       2        3       1.32505
        2       5       2        5       8.89416
       -1
    5   1   5   1   0   2
        2       1       2        1       0.313437
        2       3       2        3       0.172983
        2       5       2        5       0.677797
       -1
    5   1   5   1   2   0
        2       1       2        1       0.096449
        2       1       2        3       0.00838548
        2       3       2        1       -0.00838548
        2       3       2        3       0.0781538
        2       3       2        5       -0.110523
        2       5       2        3       0.110523
        2       5       2        5       0.941922
       -1
    5   1   5   1   2   2
        2       1       2        1       -0.201519
        2       1       2        3       -0.0989587
        2       3       2        1       0.0989587
        2       3       2        3       0.0273218
        2       3       2        5       0.111345
        2       5       2        3       -0.111345
        2       5       2        5       -0.679915
       -1
    5   1   5   1   4   0
        2       1       2        3       -0.209578
        2       1       2        5       -0.462987
        2       3       2        1       0.209578
        2       3       2        3       -0.19121
        2       3       2        5       0.450877
        2       5       2        1       -0.462987
        2       5       2        3       -0.450877
        2       5       2        5       -0.699808
       -1
    5   1   5   1   4   2
        2       1       2        3       0.0830535
        2       1       2        5       -0.0796248
        2       3       2        1       -0.0830535
        2       3       2        3       0.00796215
        2       3       2        5       -0.0165244
        2       5       2        1       -0.0796248
        2       5       2        3       0.0165244
        2       5       2        5       0.606825
       -1
    5   1   5   1   6   0
        2       1       2        5       -0.140446
        2       3       2        3       -0.0112045
        2       3       2        5       -0.0357987
        2       5       2        1       -0.140446
        2       5       2        3       0.0357987
        2       5       2        5       0.634582
       -1
    5   1   5   1   6   2
        2       1       2        5       0.127417
        2       3       2        3       0.04135
        2       3       2        5       0.022514
        2       5       2        1       0.127417
        2       5       2        3       -0.022514
        2       5       2        5       -0.609505
       -1
    5   1   5   1   8   0
        2       3       2        5       0.0236704
        2       5       2        3       -0.0236704
        2       5       2        5       -0.579603
       -1
    5   1   5   1   8   2
        2       3       2        5       0.0794665
        2       5       2        3       -0.0794665
        2       5       2        5       0.596432
       -1
    5   1   5   1   10   0
        2       5       2        5       0.727593
       -1
    5   1   5   1   10   2
        2       5       2        5       -0.719481
       -1
