    3   1   5   1   2   0
        2       3       2        3       0.0282783
        2       3       2        5       -0.106686
        2       3       2        1       0.0191151
        2       5       2        3       0.122826
        2       5       2        5       -0.0466239
        2       1       2        3       0.121276
        2       1       2        1       0.186407
       -1
    3   1   5   1   2   2
        2       3       2        3       -0.0683245
        2       3       2        5       0.117212
        2       3       2        1       -0.0658391
        2       5       2        3       -0.128611
        2       5       2        5       -0.0951807
        2       1       2        3       -0.0582382
        2       1       2        1       -0.130799
       -1
    3   1   5   1   4   0
        2       3       2        3       0.155121
        2       3       2        5       -0.354471
        2       3       2        1       -0.0806908
        2       5       2        3       0.186111
        2       5       2        5       0.384183
        2       5       2        1       0.473355
        2       1       2        3       -0.000644414
        2       1       2        5       0.952655
       -1
    3   1   5   1   4   2
        2       3       2        3       0.0508368
        2       3       2        5       -0.0901302
        2       3       2        1       -0.0330189
        2       5       2        3       0.17658
        2       5       2        5       0.0807664
        2       5       2        1       0.0524054
        2       1       2        3       0.172705
        2       1       2        5       -0.146695
       -1
    3   1   5   1   6   0
        2       3       2        3       -0.0296331
        2       3       2        5       -0.179799
        2       5       2        3       0.24427
        2       5       2        5       0.0917121
        2       5       2        1       0.0153441
        2       1       2        5       -0.345907
       -1
    3   1   5   1   6   2
        2       3       2        3       0.0538089
        2       3       2        5       0.131213
        2       5       2        3       -0.233397
        2       5       2        5       -0.0429678
        2       5       2        1       -0.0347708
        2       1       2        5       0.392665
       -1
    3   1   5   1   8   0
        2       3       2        5       -0.124561
        2       5       2        3       -0.162524
        2       5       2        5       0.0884942
       -1
    3   1   5   1   8   2
        2       3       2        5       0.0759663
        2       5       2        3       0.171791
        2       5       2        5       -0.0596626
       -1
