   100.025  1.663e-03  1.655e-05
   100.075  1.665e-03  1.656e-05
   100.125  1.666e-03  1.658e-05
   100.175  1.667e-03  1.659e-05
   100.225  1.669e-03  1.661e-05
   100.275  1.670e-03  1.662e-05
   100.325  1.672e-03  1.663e-05
   100.375  1.673e-03  1.665e-05
   100.425  1.674e-03  1.666e-05
   100.475  1.676e-03  1.668e-05
   100.525  1.677e-03  1.669e-05
   100.575  1.679e-03  1.670e-05
   100.625  1.680e-03  1.672e-05
   100.675  1.681e-03  1.673e-05
   100.725  1.683e-03  1.675e-05
   100.775  1.684e-03  1.676e-05
   100.825  1.686e-03  1.677e-05
   100.875  1.687e-03  1.679e-05
   100.925  1.688e-03  1.680e-05
   100.975  1.690e-03  1.682e-05
   101.025  1.691e-03  1.683e-05
   101.075  1.693e-03  1.684e-05
   101.125  1.694e-03  1.686e-05
   101.175  1.696e-03  1.687e-05
   101.225  1.697e-03  1.688e-05
   101.275  1.698e-03  1.690e-05
   101.325  1.700e-03  1.691e-05
   101.375  1.701e-03  1.693e-05
   101.425  1.703e-03  1.694e-05
   101.475  1.704e-03  1.695e-05
   101.525  1.705e-03  1.697e-05
   101.575  1.707e-03  1.698e-05
   101.625  1.708e-03  1.700e-05
   101.675  1.710e-03  1.701e-05
   101.725  1.711e-03  1.702e-05
   101.775  1.712e-03  1.704e-05
   101.825  1.714e-03  1.705e-05
   101.875  1.715e-03  1.707e-05
   101.925  1.717e-03  1.708e-05
   101.975  1.718e-03  1.709e-05
   102.025  1.719e-03  1.711e-05
   102.075  1.721e-03  1.712e-05
   102.125  1.722e-03  1.714e-05
   102.175  1.724e-03  1.715e-05
   102.225  1.725e-03  1.716e-05
   102.275  1.726e-03  1.718e-05
   102.325  1.728e-03  1.719e-05
   102.375  1.729e-03  1.721e-05
   102.425  1.731e-03  1.722e-05
   102.475  1.732e-03  1.723e-05
   102.525  1.733e-03  1.725e-05
   102.575  1.735e-03  1.726e-05
   102.625  1.736e-03  1.728e-05
   102.675  1.738e-03  1.729e-05
   102.725  1.739e-03  1.730e-05
   102.775  1.740e-03  1.732e-05
   102.825  1.742e-03  1.733e-05
   102.875  1.743e-03  1.735e-05
   102.925  1.745e-03  1.736e-05
   102.975  1.746e-03  1.737e-05
   103.025  1.747e-03  1.739e-05
   103.075  1.749e-03  1.740e-05
   103.125  1.750e-03  1.742e-05
   103.175  1.752e-03  1.743e-05
   103.225  1.753e-03  1.744e-05
   103.275  1.754e-03  1.746e-05
   103.325  1.756e-03  1.747e-05
   103.375  1.757e-03  1.749e-05
   103.425  1.759e-03  1.750e-05
   103.475  1.760e-03  1.751e-05
   103.525  1.761e-03  1.753e-05
   103.575  1.763e-03  1.754e-05
   103.625  1.764e-03  1.755e-05
   103.675  1.766e-03  1.757e-05
   103.725  1.767e-03  1.758e-05
   103.775  1.768e-03  1.760e-05
   103.825  1.770e-03  1.761e-05
   103.875  1.771e-03  1.762e-05
   103.925  1.773e-03  1.764e-05
   103.975  1.774e-03  1.765e-05
   104.025  1.775e-03  1.767e-05
   104.075  1.777e-03  1.768e-05
   104.125  1.778e-03  1.769e-05
   104.175  1.780e-03  1.771e-05
   104.225  1.781e-03  1.772e-05
   104.275  1.782e-03  1.774e-05
   104.325  1.784e-03  1.775e-05
   104.375  1.785e-03  1.776e-05
   104.425  1.787e-03  1.778e-05
   104.475  1.788e-03  1.779e-05
   104.525  1.789e-03  1.781e-05
   104.575  1.791e-03  1.782e-05
   104.625  1.792e-03  1.783e-05
   104.675  1.794e-03  1.785e-05
   104.725  1.795e-03  1.786e-05
   104.775  1.797e-03  1.788e-05
   104.825  1.798e-03  1.789e-05
   104.875  1.799e-03  1.790e-05
   104.925  1.801e-03  1.792e-05
   104.975  1.802e-03  1.793e-05
   105.025  1.804e-03  1.795e-05
   105.075  1.805e-03  1.796e-05
   105.125  1.806e-03  1.797e-05
   105.175  1.808e-03  1.799e-05
   105.225  1.809e-03  1.800e-05
   105.275  1.811e-03  1.802e-05
   105.325  1.812e-03  1.803e-05
   105.375  1.813e-03  1.804e-05
   105.425  1.815e-03  1.806e-05
   105.475  1.816e-03  1.807e-05
   105.525  1.818e-03  1.809e-05
   105.575  1.819e-03  1.810e-05
   105.625  1.820e-03  1.811e-05
   105.675  1.822e-03  1.813e-05
   105.725  1.823e-03  1.814e-05
   105.775  1.825e-03  1.816e-05
   105.825  1.826e-03  1.817e-05
   105.875  1.827e-03  1.818e-05
   105.925  1.829e-03  1.820e-05
   105.975  1.830e-03  1.821e-05