   100.025  5.210e-03  3.767e-04
   100.075  5.641e-03  3.983e-04
   100.125  6.217e-03  4.085e-04
   100.175  5.362e-03  3.824e-04
   100.225  5.961e-03  3.892e-04
   100.275  5.984e-03  3.812e-04
   100.325  5.460e-03  3.619e-04
   100.375  6.405e-03  4.128e-04
   100.425  6.865e-03  4.142e-04
   100.475  5.650e-03  3.846e-04
   100.525  6.870e-03  4.048e-04
   100.575  7.765e-03  4.594e-04
   100.625  6.769e-03  4.050e-04
   100.675  6.616e-03  4.237e-04
   100.725  8.096e-03  4.580e-04
   100.775  8.525e-03  4.817e-04
   100.825  7.864e-03  4.502e-04
   100.875  6.886e-03  4.231e-04
   100.925  7.739e-03  4.337e-04
   100.975  7.923e-03  4.345e-04
   101.025  8.472e-03  4.648e-04
   101.075  8.464e-03  4.733e-04
   101.125  8.389e-03  4.772e-04
   101.175  8.216e-03  4.409e-04
   101.225  8.382e-03  4.605e-04
   101.275  1.003e-02  5.077e-04
   101.325  9.894e-03  4.949e-04
   101.375  1.027e-02  5.043e-04
   101.425  1.019e-02  5.006e-04
   101.475  9.691e-03  4.938e-04
   101.525  1.119e-02  5.238e-04
   101.575  1.026e-02  5.210e-04
   101.625  1.041e-02  4.985e-04
   101.675  1.159e-02  5.565e-04
   101.725  1.223e-02  5.528e-04
   101.775  1.345e-02  6.308e-04
   101.825  1.274e-02  5.939e-04
   101.875  1.584e-02  6.497e-04
   101.925  1.286e-02  5.718e-04
   101.975  1.435e-02  6.081e-04
   102.025  1.526e-02  6.193e-04
   102.075  1.584e-02  6.274e-04
   102.125  1.531e-02  6.244e-04
   102.175  1.582e-02  6.421e-04
   102.225  1.751e-02  6.723e-04
   102.275  1.733e-02  6.453e-04
   102.325  1.830e-02  6.782e-04
   102.375  1.998e-02  7.083e-04
   102.425  1.942e-02  6.986e-04
   102.475  2.132e-02  7.309e-04
   102.525  2.303e-02  7.462e-04
   102.575  2.331e-02  7.675e-04
   102.625  2.407e-02  7.732e-04
   102.675  2.795e-02  8.406e-04
   102.725  2.788e-02  8.446e-04
   102.775  2.738e-02  8.188e-04
   102.825  3.080e-02  8.798e-04
   102.875  3.370e-02  9.478e-04
   102.925  3.089e-02  8.875e-04
   102.975  3.477e-02  9.264e-04
   103.025  3.873e-02  9.963e-04
   103.075  4.221e-02  1.044e-03
   103.125  4.519e-02  1.072e-03
   103.175  4.734e-02  1.104e-03
   103.225  5.003e-02  1.112e-03
   103.275  5.316e-02  1.161e-03
   103.325  5.598e-02  1.184e-03
   103.375  6.376e-02  1.285e-03
   103.425  6.779e-02  1.320e-03
   103.475  7.067e-02  1.331e-03
   103.525  8.124e-02  1.449e-03
   103.575  8.787e-02  1.499e-03
   103.625  9.722e-02  1.568e-03
   103.675  9.967e-02  1.602e-03
   103.725  1.074e-01  1.656e-03
   103.775  1.192e-01  1.772e-03
   103.825  1.295e-01  1.853e-03
   103.875  1.401e-01  1.884e-03
   103.925  1.519e-01  1.976e-03
   103.975  1.622e-01  2.031e-03
   104.025  1.701e-01  2.082e-03
   104.075  1.822e-01  2.162e-03
   104.125  1.926e-01  2.219e-03
   104.175  2.105e-01  2.335e-03
   104.225  2.168e-01  2.338e-03
   104.275  2.236e-01  2.382e-03
   104.325  2.256e-01  2.401e-03
   104.375  2.315e-01  2.451e-03
   104.425  2.301e-01  2.407e-03
   104.475  2.258e-01  2.419e-03
   104.525  2.135e-01  2.339e-03
   104.575  1.973e-01  2.235e-03
   104.625  1.749e-01  2.118e-03
   104.675  1.468e-01  1.945e-03
   104.725  1.142e-01  1.731e-03
   104.775  7.905e-02  1.436e-03
   104.825  5.199e-02  1.167e-03
   104.875  3.152e-02  8.895e-04
   104.925  2.105e-02  7.426e-04
   104.975  1.277e-02  5.753e-04
   105.025  9.144e-03  4.723e-04
   105.075  5.029e-03  3.744e-04
   105.125  4.525e-03  3.480e-04
   105.175  2.970e-03  2.783e-04
   105.225  1.797e-03  2.048e-04
   105.275  2.003e-03  2.325e-04
   105.325  9.886e-04  1.527e-04
   105.375  1.047e-03  1.919e-04
   105.425  5.714e-04  1.176e-04
   105.475  4.359e-04  1.082e-04
   105.525  4.447e-04  1.032e-04
   105.575  2.032e-04  6.950e-05
   105.625  2.950e-04  1.025e-04
   105.675  1.413e-04  5.820e-05
   105.725  5.307e-05  3.652e-05
   105.775  8.655e-05  4.503e-05
   105.825  7.104e-05  4.040e-05
   105.875  6.655e-05  3.861e-05
   105.925  2.670e-05  2.583e-05
   105.975  0.000e+00  0.000e+00