    7   1   5   1   2   0
        2       1       2        1       -0.0174871
        2       1       2        3       0.147065
        2       3       2        1       0.0367242
        2       3       2        3       -0.139559
        2       3       2        5       0.19224
        2       5       2        3       0.0153728
        2       5       2        5       0.0775531
       -1
    7   1   5   1   2   2
        2       1       2        1       0.0315372
        2       1       2        3       -0.169464
        2       3       2        1       -0.0798477
        2       3       2        3       0.138066
        2       3       2        5       -0.146999
        2       5       2        3       0.0063936
        2       5       2        5       -0.0941887
       -1
    7   1   5   1   4   0
        2       1       2        3       -0.340305
        2       1       2        5       -1.36892
        2       3       2        1       0.320941
        2       3       2        3       -0.224294
        2       3       2        5       0.439677
        2       5       2        1       -0.609812
        2       5       2        3       -0.405428
        2       5       2        5       -0.290846
       -1
    7   1   5   1   4   2
        2       1       2        3       0.0567277
        2       1       2        5       0.429168
        2       3       2        1       0.033809
        2       3       2        3       0.0358613
        2       3       2        5       0.141686
        2       5       2        1       0.0129007
        2       5       2        3       -0.0182104
        2       5       2        5       0.118717
       -1
    7   1   5   1   6   0
        2       1       2        5       0.347341
        2       3       2        3       -0.0659757
        2       3       2        5       -0.132745
        2       5       2        1       -0.0473684
        2       5       2        3       -0.00294193
        2       5       2        5       0.13326
       -1
    7   1   5   1   6   2
        2       1       2        5       -0.372188
        2       3       2        3       0.0271111
        2       3       2        5       0.164986
        2       5       2        1       0.0289422
        2       5       2        3       -0.0221403
        2       5       2        5       -0.105307
       -1
    7   1   5   1   8   0
        2       3       2        5       -0.106436
        2       5       2        3       0.175494
        2       5       2        5       -0.0180831
       -1
    7   1   5   1   8   2
        2       3       2        5       -0.146923
        2       5       2        3       -0.0114247
        2       5       2        5       -0.0168236
       -1
    7   1   5   1   10   0
        2       5       2        5       -0.185103
       -1
    7   1   5   1   10   2
        2       5       2        5       0.172546
       -1
