    3   1   5   1   2   0
        2       1       2        1       -0.201943
        2       1       2        3       -0.122832
        2       3       2        1       -0.0191019
        2       3       2        3       -0.0274822
        2       3       2        5       0.110348
        2       5       2        3       -0.113616
        2       5       2        5       0.0488245
       -1
    3   1   5   1   2   2
        2       1       2        1       0.137238
        2       1       2        3       0.0597002
        2       3       2        1       0.0683676
        2       3       2        3       0.0632707
        2       3       2        5       -0.106258
        2       5       2        3       0.124341
        2       5       2        5       0.0927168
       -1
    3   1   5   1   4   0
        2       1       2        3       0.0127751
        2       1       2        5       -0.959604
        2       3       2        1       0.0780369
        2       3       2        3       -0.141343
        2       3       2        5       0.334842
        2       5       2        1       -0.45874
        2       5       2        3       -0.178453
        2       5       2        5       -0.358002
       -1
    3   1   5   1   4   2
        2       1       2        3       -0.167544
        2       1       2        5       0.157216
        2       3       2        1       0.0455647
        2       3       2        3       -0.0455386
        2       3       2        5       0.103794
        2       5       2        1       -0.0509888
        2       5       2        3       -0.177963
        2       5       2        5       -0.0784882
       -1
    3   1   5   1   6   0
        2       1       2        5       0.378112
        2       3       2        3       0.0200825
        2       3       2        5       0.136958
        2       5       2        1       -0.0238835
        2       5       2        3       -0.236487
        2       5       2        5       -0.0979483
       -1
    3   1   5   1   6   2
        2       1       2        5       -0.391148
        2       3       2        3       -0.0526015
        2       3       2        5       -0.117549
        2       5       2        1       0.0337097
        2       5       2        3       0.218073
        2       5       2        5       0.0349793
       -1
    3   1   5   1   8   0
        2       3       2        5       0.094946
        2       5       2        3       0.170085
        2       5       2        5       -0.0766938
       -1
    3   1   5   1   8   2
        2       3       2        5       -0.0732805
        2       5       2        3       -0.166798
        2       5       2        5       0.0599274
       -1
