    7   1   5   1   2   0
        2       3       2        3       -0.139417
        2       3       2        5       0.166211
        2       3       2        1       0.0555865
        2       5       2        3       0.00417222
        2       5       2        5       0.0753552
        2       1       2        3       0.156572
        2       1       2        1       -0.00493236
       -1
    7   1   5   1   2   2
        2       3       2        3       0.152984
        2       3       2        5       -0.128189
        2       3       2        1       -0.0850715
        2       5       2        3       0.0184797
        2       5       2        5       -0.0961938
        2       1       2        3       -0.172715
        2       1       2        1       0.0432926
       -1
    7   1   5   1   4   0
        2       3       2        3       -0.230512
        2       3       2        5       0.397872
        2       3       2        1       0.315057
        2       5       2        3       -0.385545
        2       5       2        5       -0.312433
        2       5       2        1       -0.609158
        2       1       2        3       -0.323138
        2       1       2        5       -1.35756
       -1
    7   1   5   1   4   2
        2       3       2        3       0.030725
        2       3       2        5       0.160959
        2       3       2        1       0.0328157
        2       5       2        3       -0.0212389
        2       5       2        5       0.126113
        2       5       2        1       0.0220599
        2       1       2        3       0.0487935
        2       1       2        5       0.41407
       -1
    7   1   5   1   6   0
        2       3       2        3       -0.0789561
        2       3       2        5       -0.127636
        2       5       2        3       -0.00177816
        2       5       2        5       0.141136
        2       5       2        1       -0.0427335
        2       1       2        5       0.323358
       -1
    7   1   5   1   6   2
        2       3       2        3       0.0330786
        2       3       2        5       0.1747
        2       5       2        3       -0.0175597
        2       5       2        5       -0.10778
        2       5       2        1       0.0337381
        2       1       2        5       -0.383236
       -1
    7   1   5   1   8   0
        2       3       2        5       -0.140842
        2       5       2        3       0.204399
        2       5       2        5       -0.0171754
       -1
    7   1   5   1   8   2
        2       3       2        5       -0.142028
        2       5       2        3       -0.0193411
        2       5       2        5       -0.0235112
       -1
    7   1   5   1   10   0
        2       5       2        5       -0.182897
       -1
    7   1   5   1   10   2
        2       5       2        5       0.17089
       -1
