    1   1   5   1   4   0
        2       3       2        3       -0.142972
        2       3       2        5       0.382959
        2       3       2        1       -0.00521315
        2       5       2        3       -0.341042
        2       5       2        5       -0.428352
        2       5       2        1       0.0132273
        2       1       2        3       -0.00606096
        2       1       2        5       -0.674304
       -1
    1   1   5   1   4   2
        2       3       2        3       -0.018315
        2       3       2        5       -0.00639442
        2       3       2        1       -0.000705505
        2       5       2        3       0.039612
        2       5       2        5       0.0607473
        2       5       2        1       -0.419054
        2       1       2        3       -0.0115461
        2       1       2        5       0.00777549
       -1
    1   1   5   1   6   0
        2       3       2        3       0.0058632
        2       3       2        5       -0.0583572
        2       5       2        3       -0.0400344
        2       5       2        5       0.0221844
        2       5       2        1       -0.301327
        2       1       2        5       -0.379477
       -1
    1   1   5   1   6   2
        2       3       2        3       -0.019949
        2       3       2        5       0.115882
        2       5       2        3       0.0495322
        2       5       2        5       -0.0597594
        2       5       2        1       0.366254
        2       1       2        5       0.281284
       -1
