    7   1   5   1   2   0
        2       3       2        3       -0.155172
        2       3       2        5       0.17332
        2       3       2        1       0.0620573
        2       5       2        3       0.0144106
        2       5       2        5       0.0853688
        2       1       2        3       0.159764
        2       1       2        1       -0.0143525
       -1
    7   1   5   1   2   2
        2       3       2        3       0.154855
        2       3       2        5       -0.13564
        2       3       2        1       -0.0865999
        2       5       2        3       0.0155699
        2       5       2        5       -0.0901013
        2       1       2        3       -0.169115
        2       1       2        1       0.0353217
       -1
    7   1   5   1   4   0
        2       3       2        3       -0.262308
        2       3       2        5       0.408833
        2       3       2        1       0.330974
        2       5       2        3       -0.403296
        2       5       2        5       -0.322112
        2       5       2        1       -0.601705
        2       1       2        3       -0.356508
        2       1       2        5       -1.32718
       -1
    7   1   5   1   4   2
        2       3       2        3       0.029588
        2       3       2        5       0.151305
        2       3       2        1       0.0204847
        2       5       2        3       -0.0234765
        2       5       2        5       0.119149
        2       5       2        1       0.0169011
        2       1       2        3       0.051396
        2       1       2        5       0.397673
       -1
    7   1   5   1   6   0
        2       3       2        3       -0.0775354
        2       3       2        5       -0.133975
        2       5       2        3       -0.00623979
        2       5       2        5       0.135623
        2       5       2        1       -0.0338244
        2       1       2        5       0.309439
       -1
    7   1   5   1   6   2
        2       3       2        3       0.0366356
        2       3       2        5       0.173122
        2       5       2        3       -0.0230515
        2       5       2        5       -0.0972675
        2       5       2        1       0.0300015
        2       1       2        5       -0.376103
       -1
    7   1   5   1   8   0
        2       3       2        5       -0.140344
        2       5       2        3       0.205308
        2       5       2        5       -0.0123284
       -1
    7   1   5   1   8   2
        2       3       2        5       -0.138002
        2       5       2        3       -0.0174826
        2       5       2        5       -0.0275835
       -1
    7   1   5   1   10   0
        2       5       2        5       -0.17364
       -1
    7   1   5   1   10   2
        2       5       2        5       0.166767
       -1
