    5   1   5   1   0   0
        0       1       0       1        6.92820323
        1       1       1       1        6.92820323
        1       3       1       3        9.79795897
        2       3       2        3       1.37257
        2       5       2        5       8.84489
        2       1       2        1       1.79166
       -1
    5   1   5   1   0   2
        2       3       2        3       0.184416
        2       5       2        5       0.671338
        2       1       2        1       0.308455
       -1
    5   1   5   1   2   0
        2       3       2        3       0.0721251
        2       3       2        5       -0.131807
        2       3       2        1       -0.0126762
        2       5       2        3       0.131807
        2       5       2        5       0.94518
        2       1       2        3       0.0126762
        2       1       2        1       0.0962415
       -1
    5   1   5   1   2   2
        2       3       2        3       0.0517664
        2       3       2        5       0.128848
        2       3       2        1       0.0963077
        2       5       2        3       -0.128848
        2       5       2        5       -0.658334
        2       1       2        3       -0.0963077
        2       1       2        1       -0.203174
       -1
    5   1   5   1   4   0
        2       3       2        3       -0.198275
        2       3       2        5       0.436777
        2       3       2        1       0.229185
        2       5       2        3       -0.436777
        2       5       2        5       -0.688628
        2       5       2        1       -0.460317
        2       1       2        3       -0.229185
        2       1       2        5       -0.460317
       -1
    5   1   5   1   4   2
        2       3       2        3       0.00390017
        2       3       2        5       -0.00904529
        2       3       2        1       -0.0842042
        2       5       2        3       0.00904529
        2       5       2        5       0.587698
        2       5       2        1       -0.0892127
        2       1       2        3       0.0842042
        2       1       2        5       -0.0892127
       -1
    5   1   5   1   6   0
        2       3       2        3       -0.0198191
        2       3       2        5       -0.0434801
        2       5       2        3       0.0434801
        2       5       2        5       0.619986
        2       5       2        1       -0.133526
        2       1       2        5       -0.133526
       -1
    5   1   5   1   6   2
        2       3       2        3       0.0455029
        2       3       2        5       0.0224004
        2       5       2        3       -0.0224004
        2       5       2        5       -0.592838
        2       5       2        1       0.129725
        2       1       2        5       0.129725
       -1
    5   1   5   1   8   0
        2       3       2        5       0.0460065
        2       5       2        3       -0.0460065
        2       5       2        5       -0.556633
       -1
    5   1   5   1   8   2
        2       3       2        5       0.0791845
        2       5       2        3       -0.0791845
        2       5       2        5       0.576374
       -1
    5   1   5   1   10   0
        2       5       2        5       0.70472
       -1
    5   1   5   1   10   2
        2       5       2        5       -0.706255
       -1
