    1   1   5   1   4   0
        2       3       2        3       -0.141364
        2       3       2        5       0.357428
        2       3       2        1       0.00728073
        2       5       2        3       -0.325481
        2       5       2        5       -0.424599
        2       5       2        1       0.0183779
        2       1       2        3       -0.0195649
        2       1       2        5       -0.672687
       -1
    1   1   5   1   4   2
        2       3       2        3       -0.0212661
        2       3       2        5       -0.0201444
        2       3       2        1       -0.00116921
        2       5       2        3       0.0459775
        2       5       2        5       0.0578922
        2       5       2        1       -0.411833
        2       1       2        3       -0.0287222
        2       1       2        5       0.0112104
       -1
    1   1   5   1   6   0
        2       3       2        3       0.00942896
        2       3       2        5       -0.0785179
        2       5       2        3       -0.0443571
        2       5       2        5       0.0176544
        2       5       2        1       -0.303206
        2       1       2        5       -0.38194
       -1
    1   1   5   1   6   2
        2       3       2        3       -0.0185467
        2       3       2        5       0.103142
        2       5       2        3       0.0515429
        2       5       2        5       -0.0565567
        2       5       2        1       0.361243
        2       1       2        5       0.279863
       -1
