   100.025  7.452e-05  2.705e-05
   100.075  8.273e-04  2.551e-04
   100.125  2.476e-04  1.046e-04
   100.175  3.967e-04  1.963e-04
   100.225  5.423e-04  2.293e-04
   100.275  5.040e-04  1.392e-04
   100.325  9.161e-04  3.940e-04
   100.375  2.747e-04  1.307e-04
   100.425  8.394e-04  3.462e-04
   100.475  4.632e-04  1.469e-04
   100.525  9.769e-04  3.054e-04
   100.575  4.926e-04  2.738e-04
   100.625  1.616e-04  6.043e-05
   100.675  3.404e-04  2.094e-04
   100.725  3.116e-04  1.353e-04
   100.775  1.700e-04  6.135e-05
   100.825  4.041e-04  2.713e-04
   100.875  6.291e-04  3.057e-04
   100.925  4.407e-04  2.202e-04
   100.975  3.404e-04  1.670e-04
   101.025  3.472e-04  1.443e-04
   101.075  4.173e-04  1.282e-04
   101.125  8.467e-04  3.749e-04
   101.175  4.580e-04  1.594e-04
   101.225  5.448e-04  2.976e-04
   101.275  6.845e-04  4.068e-04
   101.325  6.865e-04  3.745e-04
   101.375  4.924e-04  2.226e-04
   101.425  4.800e-04  2.624e-04
   101.475  6.105e-04  1.948e-04
   101.525  3.031e-04  1.706e-04
   101.575  1.293e-04  5.308e-05
   101.625  4.768e-04  2.026e-04
   101.675  4.699e-04  1.667e-04
   101.725  1.663e-04  6.702e-05
   101.775  5.303e-04  2.192e-04
   101.825  2.433e-04  1.034e-04
   101.875  2.699e-04  1.063e-04
   101.925  3.264e-04  1.819e-04
   101.975  3.049e-04  9.890e-05
   102.025  2.663e-04  6.956e-05
   102.075  3.050e-04  9.707e-05
   102.125  4.041e-04  1.904e-04
   102.175  2.687e-04  9.548e-05
   102.225  6.171e-04  2.734e-04
   102.275  3.856e-04  1.243e-04
   102.325  6.832e-04  3.437e-04
   102.375  1.618e-04  6.003e-05
   102.425  2.553e-04  9.562e-05
   102.475  4.435e-04  1.555e-04
   102.525  3.957e-04  1.599e-04
   102.575  6.841e-04  3.360e-04
   102.625  6.978e-04  2.303e-04
   102.675  1.680e-04  6.612e-05
   102.725  2.941e-04  9.587e-05
   102.775  3.686e-04  1.524e-04
   102.825  6.537e-04  4.069e-04
   102.875  2.014e-04  7.037e-05
   102.925  6.329e-04  3.197e-04
   102.975  2.587e-04  7.687e-05
   103.025  1.881e-04  1.009e-04
   103.075  2.958e-04  1.278e-04
   103.125  4.525e-04  1.920e-04
   103.175  3.367e-04  1.551e-04
   103.225  2.000e-04  6.204e-05
   103.275  1.366e-04  4.504e-05
   103.325  3.084e-04  1.357e-04
   103.375  2.783e-04  1.091e-04
   103.425  1.776e-04  1.005e-04
   103.475  7.203e-04  3.772e-04
   103.525  1.628e-04  7.268e-05
   103.575  4.907e-04  2.621e-04
   103.625  1.200e-04  4.133e-05
   103.675  2.889e-04  1.361e-04
   103.725  1.526e-04  9.281e-05
   103.775  5.133e-04  2.636e-04
   103.825  1.881e-04  6.555e-05
   103.875  1.588e-04  8.349e-05
   103.925  8.574e-04  3.552e-04
   103.975  3.621e-04  1.466e-04
   104.025  8.794e-05  2.909e-05
   104.075  1.440e-04  5.287e-05
   104.125  6.908e-04  3.414e-04
   104.175  6.703e-04  2.746e-04
   104.225  3.078e-04  1.947e-04
   104.275  1.194e-04  4.159e-05
   104.325  7.108e-04  3.848e-04
   104.375  9.369e-05  2.802e-05
   104.425  2.973e-04  1.403e-04
   104.475  1.941e-04  1.057e-04
   104.525  5.541e-04  2.044e-04
   104.575  4.105e-04  1.461e-04
   104.625  8.509e-04  5.577e-04
   104.675  2.573e-04  6.882e-05
   104.725  8.683e-04  3.642e-04
   104.775  1.721e-04  8.007e-05
   104.825  8.746e-04  3.720e-04
   104.875  8.867e-05  3.895e-05
   104.925  1.985e-04  7.240e-05
   104.975  1.088e-03  3.717e-04
   105.025  1.519e-04  7.423e-05
   105.075  4.215e-04  2.432e-04
   105.125  4.936e-04  2.330e-04
   105.175  1.203e-03  4.467e-04
   105.225  7.142e-04  2.757e-04
   105.275  2.437e-04  1.440e-04
   105.325  6.112e-04  2.307e-04
   105.375  5.895e-04  3.633e-04
   105.425  2.352e-04  8.839e-05
   105.475  3.608e-04  1.397e-04
   105.525  4.520e-05  2.423e-05
   105.575  4.653e-04  1.970e-04
   105.625  9.809e-05  3.932e-05
   105.675  3.879e-04  1.792e-04
   105.725  6.097e-04  1.580e-04
   105.775  1.078e-04  3.135e-05
   105.825  4.908e-04  2.201e-04
   105.875  5.151e-04  3.881e-04
   105.925  2.855e-04  1.026e-04
   105.975  7.128e-04  4.285e-04