   100.025  4.017e-04  4.275e-05
   100.075  3.323e-04  3.905e-05
   100.125  2.901e-04  3.561e-05
   100.175  3.913e-04  4.175e-05
   100.225  2.864e-04  3.513e-05
   100.275  3.944e-04  4.226e-05
   100.325  3.975e-04  4.154e-05
   100.375  3.853e-04  4.173e-05
   100.425  4.497e-04  4.472e-05
   100.475  3.290e-04  3.871e-05
   100.525  3.137e-04  3.532e-05
   100.575  4.659e-04  4.602e-05
   100.625  3.907e-04  4.185e-05
   100.675  3.720e-04  4.068e-05
   100.725  3.838e-04  4.056e-05
   100.775  4.599e-04  4.664e-05
   100.825  3.529e-04  4.029e-05
   100.875  3.437e-04  3.843e-05
   100.925  3.637e-04  4.017e-05
   100.975  3.346e-04  3.956e-05
   101.025  4.009e-04  4.237e-05
   101.075  3.335e-04  3.785e-05
   101.125  3.487e-04  3.824e-05
   101.175  3.487e-04  3.863e-05
   101.225  2.552e-04  3.312e-05
   101.275  3.544e-04  4.076e-05
   101.325  3.356e-04  3.880e-05
   101.375  4.564e-04  4.656e-05
   101.425  4.235e-04  4.267e-05
   101.475  3.724e-04  4.062e-05
   101.525  2.965e-04  3.533e-05
   101.575  3.587e-04  3.923e-05
   101.625  4.054e-04  4.175e-05
   101.675  3.283e-04  3.826e-05
   101.725  2.997e-04  3.715e-05
   101.775  3.614e-04  4.004e-05
   101.825  3.737e-04  4.111e-05
   101.875  3.616e-04  4.054e-05
   101.925  3.927e-04  4.077e-05
   101.975  4.009e-04  4.237e-05
   102.025  3.460e-04  3.933e-05
   102.075  3.905e-04  4.172e-05
   102.125  3.778e-04  4.110e-05
   102.175  3.531e-04  3.989e-05
   102.225  3.994e-04  4.157e-05
   102.275  3.703e-04  4.062e-05
   102.325  3.608e-04  4.087e-05
   102.375  3.966e-04  4.379e-05
   102.425  3.778e-04  4.162e-05
   102.475  3.286e-04  3.861e-05
   102.525  4.801e-04  4.729e-05
   102.575  3.500e-04  3.990e-05
   102.625  3.304e-04  3.864e-05
   102.675  3.344e-04  3.922e-05
   102.725  4.433e-04  4.494e-05
   102.775  3.730e-04  4.068e-05
   102.825  3.148e-04  3.754e-05
   102.875  4.005e-04  4.193e-05
   102.925  3.899e-04  4.287e-05
   102.975  2.884e-04  3.573e-05
   103.025  4.128e-04  4.397e-05
   103.075  4.161e-04  4.409e-05
   103.125  4.247e-04  4.210e-05
   103.175  4.281e-04  4.394e-05
   103.225  4.083e-04  4.333e-05
   103.275  3.722e-04  4.101e-05
   103.325  4.408e-04  4.452e-05
   103.375  4.354e-04  4.475e-05
   103.425  3.764e-04  4.117e-05
   103.475  3.828e-04  4.200e-05
   103.525  2.481e-04  3.334e-05
   103.575  3.175e-04  3.681e-05
   103.625  3.822e-04  4.122e-05
   103.675  4.024e-04  4.316e-05
   103.725  3.706e-04  4.253e-05
   103.775  4.379e-04  4.483e-05
   103.825  3.325e-04  3.956e-05
   103.875  4.134e-04  4.369e-05
   103.925  3.788e-04  3.963e-05
   103.975  3.307e-04  3.991e-05
   104.025  3.069e-04  3.691e-05
   104.075  4.005e-04  4.313e-05
   104.125  4.286e-04  4.388e-05
   104.175  3.958e-04  4.292e-05
   104.225  2.987e-04  3.755e-05
   104.275  3.579e-04  3.957e-05
   104.325  3.996e-04  4.276e-05
   104.375  3.163e-04  3.881e-05
   104.425  3.610e-04  4.084e-05
   104.475  4.469e-04  4.568e-05
   104.525  4.276e-04  4.536e-05
   104.575  4.206e-04  4.349e-05
   104.625  2.431e-04  3.174e-05
   104.675  3.373e-04  3.924e-05
   104.725  3.811e-04  4.122e-05
   104.775  4.429e-04  4.566e-05
   104.825  3.292e-04  3.906e-05
   104.875  4.200e-04  4.460e-05
   104.925  3.240e-04  3.813e-05
   104.975  3.292e-04  3.906e-05
   105.025  3.897e-04  4.374e-05
   105.075  3.361e-04  3.873e-05
   105.125  3.916e-04  4.258e-05
   105.175  3.170e-04  3.793e-05
   105.225  3.936e-04  4.223e-05
   105.275  3.386e-04  3.958e-05
   105.325  3.446e-04  3.940e-05
   105.375  3.990e-04  4.235e-05
   105.425  3.948e-04  4.200e-05
   105.475  3.109e-04  3.734e-05
   105.525  4.348e-04  4.549e-05
   105.575  4.870e-04  4.810e-05
   105.625  3.725e-04  4.134e-05
   105.675  3.561e-04  4.154e-05
   105.725  2.716e-04  3.482e-05
   105.775  4.198e-04  4.463e-05
   105.825  3.909e-04  4.146e-05
   105.875  3.450e-04  3.971e-05
   105.925  3.089e-04  3.869e-05
   105.975  4.092e-04  4.216e-05