   100.025  2.888e+01  3.376e-01
   100.075  2.723e+01  3.146e-01
   100.125  2.544e+01  2.963e-01
   100.175  2.447e+01  2.810e-01
   100.225  2.257e+01  2.651e-01
   100.275  2.111e+01  2.499e-01
   100.325  2.020e+01  2.348e-01
   100.375  1.866e+01  2.179e-01
   100.425  1.777e+01  2.128e-01
   100.475  1.589e+01  1.855e-01
   100.525  1.528e+01  1.822e-01
   100.575  1.398e+01  1.658e-01
   100.625  1.298e+01  1.523e-01
   100.675  1.210e+01  1.436e-01
   100.725  1.140e+01  1.359e-01
   100.775  1.035e+01  1.249e-01
   100.825  9.904e+00  1.301e-01
   100.875  8.939e+00  1.135e-01
   100.925  8.417e+00  9.988e-02
   100.975  7.810e+00  9.593e-02
   101.025  7.331e+00  8.975e-02
   101.075  6.842e+00  8.375e-02
   101.125  6.289e+00  7.626e-02
   101.175  5.543e+00  6.770e-02
   101.225  5.232e+00  7.059e-02
   101.275  4.749e+00  5.882e-02
   101.325  4.435e+00  5.452e-02
   101.375  4.113e+00  5.135e-02
   101.425  3.723e+00  4.798e-02
   101.475  3.433e+00  4.493e-02
   101.525  3.148e+00  3.980e-02
   101.575  2.884e+00  3.606e-02
   101.625  2.608e+00  3.363e-02
   101.675  2.400e+00  3.182e-02
   101.725  2.196e+00  2.799e-02
   101.775  2.045e+00  2.597e-02
   101.825  1.777e+00  2.518e-02
   101.875  1.626e+00  2.194e-02
   101.925  1.434e+00  1.888e-02
   101.975  1.335e+00  1.832e-02
   102.025  1.150e+00  1.558e-02
   102.075  1.076e+00  1.470e-02
   102.125  9.740e-01  1.326e-02
   102.175  8.554e-01  1.255e-02
   102.225  7.346e-01  1.079e-02
   102.275  6.627e-01  9.790e-03
   102.325  5.998e-01  8.767e-03
   102.375  5.383e-01  7.715e-03
   102.425  4.835e-01  6.735e-03
   102.475  3.982e-01  5.890e-03
   102.525  3.656e-01  5.406e-03
   102.575  3.241e-01  9.268e-03
   102.625  2.697e-01  3.939e-03
   102.675  2.363e-01  3.663e-03
   102.725  2.200e-01  3.792e-03
   102.775  1.866e-01  2.966e-03
   102.825  1.638e-01  2.819e-03
   102.875  1.378e-01  2.321e-03
   102.925  1.157e-01  1.985e-03
   102.975  9.815e-02  1.675e-03
   103.025  8.546e-02  1.575e-03
   103.075  7.182e-02  1.384e-03
   103.125  6.028e-02  1.155e-03
   103.175  4.946e-02  8.570e-04
   103.225  4.417e-02  1.653e-03
   103.275  3.620e-02  1.146e-03
   103.325  3.085e-02  8.382e-04
   103.375  2.244e-02  5.849e-04
   103.425  1.941e-02  4.585e-04
   103.475  1.720e-02  9.536e-04
   103.525  1.251e-02  2.805e-04
   103.575  1.002e-02  2.879e-04
   103.625  7.886e-03  2.345e-04
   103.675  6.083e-03  1.694e-04
   103.725  6.203e-03  5.343e-04
   103.775  3.723e-03  1.232e-04
   103.825  3.333e-03  3.668e-04
   103.875  2.611e-03  3.378e-04
   103.925  1.564e-03  6.698e-05
   103.975  1.445e-03  1.897e-04
   104.025  8.851e-04  4.631e-05
   104.075  6.444e-04  4.617e-05
   104.125  7.239e-04  8.393e-05
   104.175  3.303e-04  3.138e-05
   104.225  2.103e-04  1.241e-05
   104.275  1.595e-04  1.439e-05
   104.325  1.748e-04  2.933e-05
   104.375  7.847e-05  1.088e-05
   104.425  9.557e-05  2.860e-05
   104.475  5.615e-05  1.792e-05
   104.525  4.776e-05  8.715e-06
   104.575  3.139e-05  7.479e-06
   104.625  1.642e-05  6.199e-06
   104.675  9.394e-06  3.036e-06
   104.725  2.203e-05  7.684e-06
   104.775  1.752e-05  1.338e-05
   104.825  3.043e-06  1.512e-06
   104.875  2.599e-06  1.091e-06
   104.925  8.606e-06  5.589e-06
   104.975  4.113e-06  2.277e-06
   105.025  2.224e-05  1.805e-05
   105.075  2.999e-07  1.253e-07
   105.125  6.755e-07  3.964e-07
   105.175  1.358e-05  1.168e-05
   105.225  7.461e-07  5.078e-07
   105.275  3.333e-07  1.765e-07
   105.325  1.810e-08  9.359e-09
   105.375  5.998e-07  2.893e-07
   105.425  4.667e-08  4.051e-08
   105.475  2.746e-07  1.458e-07
   105.525  6.277e-08  5.290e-08
   105.575  6.893e-09  4.767e-09
   105.625  1.206e-10  9.690e-11
   105.675  4.380e-09  3.138e-09
   105.725  3.516e-09  2.847e-09
   105.775  1.722e-09  1.433e-09
   105.825  7.018e-09  5.744e-09
   105.875  5.718e-08  4.651e-08
   105.925  1.509e-08  1.443e-08
   105.975  0.000e+00  0.000e+00